
============================================================
Program for calculation of partial differential equations.  
============================================================
(c) Dr. Thomas Ludwig, TU München.
    Thomas A. Zochler, TU München.
    Andreas C. Schmidt, TU München.
============================================================
Berechnungszeit:    58.155796 s 
Executed float ops: 22557.074400 MFlop
Speed:              387.873195 MFlop/s
Berechnungsmethode: Gauss-Seidel
Interlines:         250
Stoerfunktion:      f(x,y)=2pi^2*sin(pi*x)sin(pi*y)
Terminierung:       Anzahl der Iterationen
Anzahl Iterationen: 350
Norm des Fehlers:   9.782735e-06
Matrix:
 0.0000 0.0000 0.0000 0.0000 0.0000 0.0000 0.0000 0.0000 0.0000
 0.0000 0.0005 0.0009 0.0012 0.0013 0.0012 0.0009 0.0005 0.0000
 0.0000 0.0009 0.0017 0.0022 0.0024 0.0022 0.0017 0.0009 0.0000
 0.0000 0.0012 0.0022 0.0029 0.0032 0.0029 0.0022 0.0012 0.0000
 0.0000 0.0013 0.0024 0.0032 0.0034 0.0032 0.0024 0.0013 0.0000
 0.0000 0.0012 0.0022 0.0029 0.0032 0.0029 0.0022 0.0012 0.0000
 0.0000 0.0009 0.0017 0.0022 0.0024 0.0022 0.0017 0.0009 0.0000
 0.0000 0.0005 0.0009 0.0012 0.0013 0.0012 0.0009 0.0005 0.0000
 0.0000 0.0000 0.0000 0.0000 0.0000 0.0000 0.0000 0.0000 0.0000

============================================================
Program for calculation of partial differential equations.  
============================================================
(c) Dr. Thomas Ludwig, TU München.
    Thomas A. Zochler, TU München.
    Andreas C. Schmidt, TU München.
============================================================
Berechnungszeit:    58.189563 s 
Executed float ops: 22557.074400 MFlop
Speed:              387.648115 MFlop/s
Berechnungsmethode: Gauss-Seidel
Interlines:         250
Stoerfunktion:      f(x,y)=2pi^2*sin(pi*x)sin(pi*y)
Terminierung:       Anzahl der Iterationen
Anzahl Iterationen: 350
Norm des Fehlers:   9.782735e-06
Matrix:
 0.0000 0.0000 0.0000 0.0000 0.0000 0.0000 0.0000 0.0000 0.0000
 0.0000 0.0005 0.0009 0.0012 0.0013 0.0012 0.0009 0.0005 0.0000
 0.0000 0.0009 0.0017 0.0022 0.0024 0.0022 0.0017 0.0009 0.0000
 0.0000 0.0012 0.0022 0.0029 0.0032 0.0029 0.0022 0.0012 0.0000
 0.0000 0.0013 0.0024 0.0032 0.0034 0.0032 0.0024 0.0013 0.0000
 0.0000 0.0012 0.0022 0.0029 0.0032 0.0029 0.0022 0.0012 0.0000
 0.0000 0.0009 0.0017 0.0022 0.0024 0.0022 0.0017 0.0009 0.0000
 0.0000 0.0005 0.0009 0.0012 0.0013 0.0012 0.0009 0.0005 0.0000
 0.0000 0.0000 0.0000 0.0000 0.0000 0.0000 0.0000 0.0000 0.0000

============================================================
Program for calculation of partial differential equations.  
============================================================
(c) Dr. Thomas Ludwig, TU München.
    Thomas A. Zochler, TU München.
    Andreas C. Schmidt, TU München.
============================================================
Berechnungszeit:    58.371185 s 
Executed float ops: 22557.074400 MFlop
Speed:              386.441947 MFlop/s
Berechnungsmethode: Gauss-Seidel
Interlines:         250
Stoerfunktion:      f(x,y)=2pi^2*sin(pi*x)sin(pi*y)
Terminierung:       Anzahl der Iterationen
Anzahl Iterationen: 350
Norm des Fehlers:   9.782735e-06
Matrix:
 0.0000 0.0000 0.0000 0.0000 0.0000 0.0000 0.0000 0.0000 0.0000
 0.0000 0.0005 0.0009 0.0012 0.0013 0.0012 0.0009 0.0005 0.0000
 0.0000 0.0009 0.0017 0.0022 0.0024 0.0022 0.0017 0.0009 0.0000
 0.0000 0.0012 0.0022 0.0029 0.0032 0.0029 0.0022 0.0012 0.0000
 0.0000 0.0013 0.0024 0.0032 0.0034 0.0032 0.0024 0.0013 0.0000
 0.0000 0.0012 0.0022 0.0029 0.0032 0.0029 0.0022 0.0012 0.0000
 0.0000 0.0009 0.0017 0.0022 0.0024 0.0022 0.0017 0.0009 0.0000
 0.0000 0.0005 0.0009 0.0012 0.0013 0.0012 0.0009 0.0005 0.0000
 0.0000 0.0000 0.0000 0.0000 0.0000 0.0000 0.0000 0.0000 0.0000
