
============================================================
Program for calculation of partial differential equations.  
============================================================
(c) Dr. Thomas Ludwig, TU München.
    Thomas A. Zochler, TU München.
    Andreas C. Schmidt, TU München.
============================================================
Berechnungszeit:    0.012025 s 
Executed float ops: 8.667136 MFlop
Speed:              720.759751 MFlop/s
Memory footprint:   0.009537 MiB
Mem thp (read):     171.842516 MiB/s
Mem thp (write):    42.960629 MiB/s
Mem thp (total):    214.803144 MiB/s
Berechnungsmethode: Jacobi
Interlines:         2
Stoerfunktion:      f(x,y)=2pi^2*sin(pi*x)sin(pi*y)
Terminierung:       Anzahl der Iterationen
Anzahl Iterationen: 1024
Norm des Fehlers:   1.304940e-06
Matrix:
 0.0000 0.0000 0.0000 0.0000 0.0000 0.0000 0.0000 0.0000 0.0000
 0.0000 0.1466 0.2709 0.3540 0.3832 0.3540 0.2709 0.1466 0.0000
 0.0000 0.2709 0.5006 0.6541 0.7080 0.6541 0.5006 0.2709 0.0000
 0.0000 0.3540 0.6541 0.8546 0.9251 0.8546 0.6541 0.3540 0.0000
 0.0000 0.3832 0.7080 0.9251 1.0013 0.9251 0.7080 0.3832 0.0000
 0.0000 0.3540 0.6541 0.8546 0.9251 0.8546 0.6541 0.3540 0.0000
 0.0000 0.2709 0.5006 0.6541 0.7080 0.6541 0.5006 0.2709 0.0000
 0.0000 0.1466 0.2709 0.3540 0.3832 0.3540 0.2709 0.1466 0.0000
 0.0000 0.0000 0.0000 0.0000 0.0000 0.0000 0.0000 0.0000 0.0000

============================================================
Program for calculation of partial differential equations.  
============================================================
(c) Dr. Thomas Ludwig, TU München.
    Thomas A. Zochler, TU München.
    Andreas C. Schmidt, TU München.
============================================================
Berechnungszeit:    0.012419 s 
Executed float ops: 8.667136 MFlop
Speed:              697.893228 MFlop/s
Memory footprint:   0.009537 MiB
Mem thp (read):     166.390712 MiB/s
Mem thp (write):    41.597678 MiB/s
Mem thp (total):    207.988390 MiB/s
Berechnungsmethode: Jacobi
Interlines:         2
Stoerfunktion:      f(x,y)=2pi^2*sin(pi*x)sin(pi*y)
Terminierung:       Anzahl der Iterationen
Anzahl Iterationen: 1024
Norm des Fehlers:   1.304940e-06
Matrix:
 0.0000 0.0000 0.0000 0.0000 0.0000 0.0000 0.0000 0.0000 0.0000
 0.0000 0.1466 0.2709 0.3540 0.3832 0.3540 0.2709 0.1466 0.0000
 0.0000 0.2709 0.5006 0.6541 0.7080 0.6541 0.5006 0.2709 0.0000

============================================================
Program for calculation of partial differential equations.  
============================================================
(c) Dr. Thomas Ludwig, TU München.
    Thomas A. Zochler, TU München.
    Andreas C. Schmidt, TU München.
============================================================
Berechnungszeit:    0.011581 s 
Executed float ops: 8.667136 MFlop
Speed:              748.392712 MFlop/s
Memory footprint:   0.009537 MiB
Mem thp (read):     178.430727 MiB/s
Mem thp (write):    44.607682 MiB/s
Mem thp (total):    223.038409 MiB/s
Berechnungsmethode: Jacobi
Interlines:         2
Stoerfunktion:      f(x,y)=2pi^2*sin(pi*x)sin(pi*y)
Terminierung:       Anzahl der Iterationen
Anzahl Iterationen: 1024
Norm des Fehlers:   1.304940e-06
Matrix:
 0.0000 0.0000 0.0000 0.0000 0.0000 0.0000 0.0000 0.0000 0.0000
 0.0000 0.1466 0.2709 0.3540 0.3832 0.3540 0.2709 0.1466 0.0000
 0.0000 0.2709 0.5006 0.6541 0.7080 0.6541 0.5006 0.2709 0.0000
 0.0000 0.3540 0.6541 0.8546 0.9251 0.8546 0.6541 0.3540 0.0000
 0.0000 0.3832 0.7080 0.9251 1.0013 0.9251 0.7080 0.3832 0.0000
 0.0000 0.3540 0.6541 0.8546 0.9251 0.8546 0.6541 0.3540 0.0000
 0.0000 0.2709 0.5006 0.6541 0.7080 0.6541 0.5006 0.2709 0.0000
 0.0000 0.1466 0.2709 0.3540 0.3832 0.3540 0.2709 0.1466 0.0000
 0.0000 0.0000 0.0000 0.0000 0.0000 0.0000 0.0000 0.0000 0.0000
 0.0000 0.3540 0.6541 0.8546 0.9251 0.8546 0.6541 0.3540 0.0000
 0.0000 0.3832 0.7080 0.9251 1.0013 0.9251 0.7080 0.3832 0.0000
 0.0000 0.3540 0.6541 0.8546 0.9251 0.8546 0.6541 0.3540 0.0000
 0.0000 0.2709 0.5006 0.6541 0.7080 0.6541 0.5006 0.2709 0.0000
 0.0000 0.1466 0.2709 0.3540 0.3832 0.3540 0.2709 0.1466 0.0000
 0.0000 0.0000 0.0000 0.0000 0.0000 0.0000 0.0000 0.0000 0.0000
